SCALER_DATA
6
28.5,25.0,2.5,7.0,30.0,65.0
8.5,5.2,1.2,1.8,4.5,22.0
1
1
5.5
0.8
1
NETWORK_DATA
6,16
0.125,-0.083,0.215,-0.167,0.098,-0.045,0.182,-0.134,0.076,-0.092,0.156,-0.067,0.103,-0.128,0.089,-0.056
-0.108,0.142,-0.075,0.193,-0.116,0.224,-0.089,0.167,-0.135,0.078,-0.182,0.123,-0.097,0.156,-0.112,0.064
0.189,-0.156,0.134,-0.098,0.234,-0.178,0.112,-0.201,0.145,-0.087,0.178,-0.124,0.095,-0.167,0.133,-0.078
-0.145,0.187,-0.123,0.156,-0.089,0.198,-0.143,0.212,-0.165,0.108,-0.193,0.137,-0.102,0.178,-0.145,0.092
0.167,-0.128,0.192,-0.145,0.089,-0.215,0.156,-0.112,0.201,-0.134,0.078,-0.176,0.145,-0.098,0.167,-0.123
-0.123,0.165,-0.097,0.178,-0.134,0.145,-0.089,0.189,-0.156,0.112,-0.201,0.143,-0.108,0.176,-0.134,0.087
0.156,-0.112,0.187,-0.145,0.213,-0.167,0.123,-0.198,0.154,-0.098,0.178,-0.134,0.102,-0.165,0.128,-0.083
0.089,0.145,0.076,0.189,0.112,0.167,0.095,0.201,0.134,0.083,0.178,0.116,0.067,0.156,0.102,0.078
0.01,0.01,0.01,0.01,0.01,0.01,0.01,0.01,0.01,0.01,0.01,0.01,0.01,0.01,0.01,0.01
0.0
